in: 0.000041000000  out: 0.000001500000  total: 0.000042500000  rolling: 0.00004250.000000000000
in: 0.000045000000  out: 0.000020000000  total: 0.000065000000  rolling: 0.000065NaN     
